id,start_time,end_time
1,16:0:0,4:0:0
2,19:0:0,4:0:0
3,13:0:0,13:30:0
4,19:0:0,19:30:0
5,6:0:0,18:0:0
6,18:0:0,6:0:0
